0010000101111100
0010100100000011
0011000000000001
0010000100000000
0011000001100100
0010000100000001
0011000001100101
0010000110000000
0010100100000000
0011000001100110
0010000100000000
0010100110000000
0010101000000000
0011000001100111
0010000100000000
0010101110000000
0011000001101000
0010000111111111
0010100100000000
0011000001101001
0010100111111111
0010101000000000
0011000001101010
0010000100000000
0010101011111111
0011000001101011
0010000111111111
0010101101111111
0011000001101100
0010000100111000
0010100100000001
0010101000000000
0010101100000000
0011000001111000
0010000101010000
0010100100000001
0010101000000000
0010101100000000
0011000001111001
0010000101101000
0010100100000001
0010101000000000
0010101100000000
0011000001111010
0010000111100100
0010100100000000
0010101000000000
0010101100000000
0100000000000000
1111111100000000
0010000000000001
0000100111100000
0011000000000001
0010000000000000
0101000000000001
0111000000000111
0010000000000010
0111000000000110
0010000000000001
0000100100100000
0011000000000010
0010000000000100
0011000000000101
0010000000000100
0101000000000010
0111000011111101
0010000001100100
0111000011111100
0110000011111101
0011000000000100
0111000011111011
0010000000000101
0111000011111010
1000000000000001
0101000000000010
0110000011111011
0011000000000100
0010000001100101
0011000000000101
0010000000000100
0000110000000101
1100000000010100
1000000000000001
0101000000000010
0110000011111101
0011000000000100
0110000011111100
0011000000000101
0000100000000100
0111000011111100
0110000011111101
0000100111111111
0011000000000100
0111000011111101
1000000000000001
0101000000000010
0110000011111011
0000100111111111
0011000000000100
0111000011111011
1000111111100110
0101000000000010
0110000011111100
0011000000000100
0101000000000001
0110000000000110
0011000000000010
0110000000000111
0011000000000000
0010000000000001
0000100100100000
0011000000000001
0010000000000000
0100000000000000
0010000000000001
0000100111100000
0011000000000001
0010000000000000
0101000000000001
0111000000000111
0010000000000001
0111000000000110
0010000000000010
0111000000000101
0010000000000001
0000100100100000
0011000000000010
0010000100000000
0010101011111111
0010101110011111
0101000000000010
0111000011111100
0010000100000100
0010101011111111
0010101110011111
0011000000000100
0111000011111011
1000000000000001
0101000000000010
0110000011111011
0011000000000100
0101000000000100
0110000000000000
0011000000000100
0010000101100100
0010100100000000
0010101000000000
0010101100000000
0100000000000000
0101000000000010
0110000011111100
0011000000000101
0010000000000100
0101000000000101
0111000000000000
1000111111101111
0010000000000101
1001000000001001
0010000000000100
0000100000000100
0011000000000100
0010000000000101
0000110100000001
1001000000000011
0011000000000101
1000111111111001
0010000000000000
0100000000000000
0010000000000101
1001000000001001
0010000000000100
0001000000000000
0011000000000100
0010000000000101
0000110100000001
1001000000000011
0011000000000101
1000111111111001
0010000000000000
0100000000000000
0010000000000101
1001000000001010
0010000000000100
0001000000000000
0010001001101100
0011000000000100
0010000000000101
0000110100000001
1001000000000011
0011000000000101
1000111111111000
0010000000000000
0100000000000000
